451 42.26 55
452 34.84 43
453 57.71 55
454 34.31 69
455 51.62 16
456 53.07 76
457 33.10 15
458 55.75 46
459 30.58 74
460 32.53 90
461 32.52 7
462 53.05 99
463 58.33 10
464 39.67 81
465 33.83 19
466 46.34 78
467 49.72 74
468 54.99 99
469 58.94 57
470 52.89 54
471 55.95 80
472 31.34 52
473 43.66 12
474 52.62 2
475 32.35 18
476 40.47 26
477 41.38 82
478 36.82 98
479 59.47 73
480 45.87 67
481 38.95 33
482 32.29 68
483 49.16 5
484 53.09 40
485 58.37 50
486 31.74 7
487 45.91 60
488 43.54 77
489 42.70 58
490 43.50 48
491 40.86 52
492 43.88 79
493 30.76 81
494 44.54 9
495 37.01 36
496 45.41 76
497 59.49 15
498 30.32 47
499 34.85 62
500 42.40 5
501 48.96 37
502 38.68 4
503 58.51 14
504 57.00 3
505 39.41 50
506 32.92 67
507 56.73 62
508 46.84 95
509 33.80 55
510 57.46 58
511 47.52 87
512 51.00 59
513 41.96 84
514 39.02 52
515 34.15 96
516 47.20 20
517 50.81 69
518 32.96 54
519 49.87 72
520 51.17 8
521 53.39 14
522 40.53 73
523 49.39 76
524 46.71 25
525 57.14 16
526 58.87 35
527 33.01 94
528 51.44 8
529 44.27 22
530 48.79 88
531 32.43 97
532 46.67 54
533 56.26 62
534 53.98 70
535 37.62 92
536 40.35 44
537 57.52 49
538 55.74 69
539 47.62 54
540 34.33 13
541 40.08 35
542 32.63 32
543 37.48 12
544 48.84 80
545 57.22 56
546 37.15 79
547 33.94 14
548 31.41 96
549 50.59 53
550 59.17 95
551 56.63 50
552 53.33 97
553 36.11 2
554 39.60 56
555 51.16 68
556 59.19 14
557 48.72 11
558 37.86 81
559 46.97 61
560 34.62 33
561 46.03 59
562 47.89 86
563 45.48 69
564 33.34 8
565 39.56 67
566 47.17 66
567 37.27 36
568 42.93 36
569 31.37 53
570 35.10 46
571 52.69 42
572 56.93 94
573 54.09 84
574 46.39 80
575 52.43 6
576 43.84 31
577 49.92 99
578 38.32 24
579 54.12 82
580 45.66 90
581 53.51 41
582 34.50 82
583 56.31 12
584 46.41 98
585 53.37 70
586 44.03 4
587 38.82 36
588 37.86 18
589 51.50 72
590 47.61 27
591 33.68 96
592 46.96 29
593 55.30 37
594 43.58 57
595 45.60 76
596 31.12 47
597 53.67 80
598 38.80 54
599 41.40 75
600 53.78 15