1 4600.98
2 3097.50
3 4586.42
4 4606.19
5 4870.00
6 3015.88
7 4500.41
8 3827.35
9 4875.81
10 4753.90
11 3424.11
12 3807.26
13 4097.25
14 4670.69
15 4523.48
16 3720.20
17 4123.55
18 4474.98
19 4133.06
20 3710.10
21 3035.54
22 4113.81
23 4092.48
24 3408.55
25 4071.58
26 4198.51
27 4375.77
28 4776.52
29 3143.59
30 3724.32
31 3600.22
32 3883.78
33 4733.93
34 4318.48
35 3576.29
36 4113.16
37 3538.04
38 3636.29
39 4590.87
40 4899.99
41 3785.81
42 3212.83
43 3148.36
44 3570.42
45 3707.08
46 4120.16
47 4322.54
48 4003.35
49 4546.43
50 3496.68
51 4696.24
52 4796.44
53 3124.09
54 3098.01
55 4527.50
56 3371.62
57 3653.64
58 4608.18
59 4780.04
60 3265.83
61 4301.94
62 4907.57
63 4398.21
64 4219.06
65 4920.87
66 3399.14
67 3951.99
68 4330.35
69 3299.11
70 4443.43
71 4020.53
72 4305.73
73 3449.42
74 3115.70
75 4652.01
76 4573.09
77 4035.77
78 3644.31
79 3436.35
80 4294.59
81 4222.31
82 4901.74
83 4794.92
84 3911.54
85 4133.62
86 3518.83
87 4809.78
88 3458.26
89 4836.35
90 3252.58
91 4115.21
92 3758.62
93 3110.78
94 4487.67
95 4212.84
96 4554.18
97 3157.28
98 3537.64
99 3887.14
100 2931.07
101 3920.37
102 3349.03
103 4574.41
104 3696.11
105 4132.53
106 3806.01
107 4101.87
108 2894.57
109 4005.36
110 3259.40
111 4299.61
112 3087.94
113 4846.85
114 3346.76
115 3105.60
116 3775.42
117 3144.96
118 4804.69
119 3437.09
120 3219.61
121 3774.54
122 3597.04
123 3213.65
124 3231.27
125 4298.92
126 4555.42
127 4072.38
128 4278.67
129 3897.80
130 4389.97
131 4163.49
132 3925.00
133 4427.63
134 2880.84
135 3982.37
136 2927.24
137 3716.90
138 3130.21
139 4687.13
140 3552.11
141 4050.40
142 3744.90
143 3876.62
144 4095.29
145 4401.80
146 3332.80
147 3840.44
148 3404.91
149 4507.37
150 4793.43
151 3801.95
152 4173.06
153 4419.79
154 4145.56
155 3544.52
156 3257.80
157 3550.11
158 3917.24
159 4201.61
160 3175.41
161 3602.25
162 3805.98
163 2908.78
164 4175.48
165 4211.48
166 4568.15
167 4360.02
168 3603.89
169 4444.99
170 4462.32
171 3022.08
172 3486.08
173 4039.32
174 2916.41
175 3586.97
176 3941.30
177 3264.93
178 3625.62
179 4204.36
180 4729.32
181 3475.49
182 4112.14
183 4177.31
184 3182.68
185 3788.44
186 3855.28
187 3549.82
188 3032.97
189 3591.74
190 3245.18
191 3093.22
192 4111.10
193 4059.43
194 3090.79
195 2879.18
196 3167.68
197 3493.98
198 3511.60
199 3951.86
200 3822.01
201 3702.08
202 3900.13
203 3254.87
204 4054.29
205 3853.95
206 2925.47
207 3323.82
208 4407.55
209 3099.75
210 3666.38
211 3185.47
212 4380.78
213 3389.93
214 4319.75
215 2815.35
216 3788.21
217 3633.52
218 3568.90
219 3714.04
220 3922.67
221 3101.41
222 3953.78
223 4265.68
224 3284.97
225 3622.27
226 3865.97
227 4370.38
228 3727.25
229 3352.53
230 3342.10
231 3767.71
232 4015.80
233 3567.48
234 3515.58
235 4092.77
236 3149.38
237 4265.19
238 4393.81
239 4186.45
240 4469.53
241 4245.66
242 3877.66
243 3180.13
244 4483.95
245 4418.25
246 3301.27
247 3586.25
248 4328.28
249 4184.34
250 3807.52
251 4699.86
252 4041.23
253 2893.75
254 4420.92
255 3942.44
256 4120.10
257 4347.85
258 4008.73
259 4259.44
260 4055.84
261 2805.09
262 4479.23
263 3215.50
264 3644.35
265 2923.49
266 4582.13
267 3853.59
268 2895.77
269 3925.87
270 3751.42
271 3853.97
272 4277.41
273 2874.80
274 4509.70
275 4191.48
276 2846.50
277 3967.98
278 4066.44
279 3429.89
280 3701.48
281 3547.73
282 4525.16
283 3712.27
284 3953.63
285 4628.21
286 2819.79
287 4607.86
288 4477.04
289 4460.37
290 4111.20
291 2975.04
292 3617.50
293 3815.27
294 4033.50
295 3367.99
296 3871.61
297 4699.61
298 3740.23
299 4666.50
300 3509.10
301 3243.38
302 3631.95
303 3623.11
304 3889.75
305 4114.63
306 4269.94
307 4607.05
308 2871.85
309 4622.22
310 4389.54
311 3502.70
312 3449.45
313 3216.48
314 4482.80
315 4577.22
316 4569.50
317 4079.02
318 4384.95
319 3516.13
320 3177.75
321 2863.31
322 3484.06
323 4407.98
324 4489.83
325 4101.07
326 4406.86
327 3290.99
328 2966.19
329 4263.48
330 4188.81
331 3964.45
332 4607.68
333 3985.08
334 3402.65
335 2722.40
336 3811.43
337 4653.47
338 3713.77
339 4456.61
340 4341.39
341 3215.17
342 3932.19
343 4168.84
344 4652.68
345 3858.41
346 3424.37
347 4636.64
348 3026.01
349 4419.95
350 2850.92
351 4439.21
352 4377.94
353 3539.74
354 2775.18
355 4626.77
356 3915.88
357 3103.07
358 2868.66
359 3255.35
360 3843.74
361 4190.43
362 4067.82
363 3204.79
364 3747.30
365 3268.50
366 4558.01
367 3324.73
368 4343.86
369 4369.46
370 3746.03
371 3255.62
372 3288.49
373 4232.02
374 3007.95
375 2891.19
376 3846.63
377 3407.66
378 2965.21
379 3725.81
380 3587.72
381 3092.20
382 4598.42
383 4239.86
384 4007.44
385 4068.94
386 4468.93
387 4608.99
388 3873.37
389 3899.21
390 4307.50
391 3187.74
392 3016.32
393 2746.49
394 3169.80
395 3988.56
396 4035.30
397 2736.09
398 2914.94
399 3821.15
400 4479.90
401 3981.22
402 2929.77
403 4492.53
404 3598.76
405 3979.83
406 3182.82
407 3907.99
408 3849.70
409 4146.74
410 4576.87
411 3921.75
412 3024.94
413 3032.17
414 2952.27
415 3666.51
416 4072.48
417 3541.40
418 3062.20
419 3312.05
420 4256.83
421 3679.94
422 4306.53
423 3549.81
424 3359.33
425 4140.75
426 4024.52
427 2919.98
428 3012.01
429 3874.91
430 2606.00
431 3775.79
432 4412.95
433 4063.80
434 4408.71
435 3015.12
436 3905.54
437 4087.90
438 3147.46
439 3536.84
440 3239.38
441 2595.81
442 3019.36
443 3582.35
444 4000.36
445 2830.97
446 3383.02
447 3743.13
448 3824.83
449 3196.23
450 3939.84